$ 1 0.000005 10.20027730826997 50 5 43
r -160 112 48 112 0 9860
r 272 128 320 128 0 10
w 320 128 336 128 0
c 0 112 0 192 0 1.0000000000000001e-7 0.001000000000372231
w 400 144 400 208 0
w 400 112 448 112 0
R -160 112 -160 176 0 1 150 0.05 0 0 0.5
p 624 112 624 208 1 0 0
403 544 224 672 288 0 7_64_0_4098_5_0.1_0_1
t 336 128 400 128 0 1 0.7313411217013648 -1.8967627889651866 100
w 208 128 272 128 0
403 112 -16 240 48 0 0_64_0_4099_0.0000762939453125_0.00009765625_0_2_0_3
403 -240 16 -112 80 0 6_64_0_4099_0.078125_0.00009765625_0_2_6_3
403 304 48 432 112 0 1_64_0_4099_2.5_0.2_0_2_1_3
403 64 240 192 304 0 3_64_0_4099_0.00244140625_0.00009765625_0_2_3_3
T 624 112 752 208 0 4 36 0.38092979265765786 4.2690460541616737e-19 0.999
p 752 112 752 208 1 0 0
w 624 112 576 112 0
403 656 16 784 80 0 16_64_0_4098_320_0.1_0_1
w 448 112 528 112 0
v 528 112 576 112 0 0 40 5 0 0 0.5
w 576 208 624 208 0
w 528 208 480 208 0
w 480 208 416 208 0
w 416 208 400 208 0
w 528 208 576 208 0
w 400 208 208 208 0
w 160 208 0 208 0
w 160 208 208 208 0
g 0 208 0 240 0
w 0 192 0 208 0
403 -176 240 -48 304 0 3_64_0_4099_0.00244140625_0.00009765625_0_2_3_3
a 48 128 176 128 8 3.3 -3.3 1000000 -0.0021199393340418002 0 3.72
w 176 128 208 128 0
w 48 144 48 208 0
o 0 64 0 4099 0.0000762939453125 0.00009765625 0 2 0 3
o 16 64 0 4098 320 0.1 1 1
o 1 64 0 4099 2.5 0.2 2 2 1 3
o 16 64 0 4098 320 0.1 3 1
38 0 0 1 101 Resistance
