$ 1 0.000005 10.20027730826997 50 5 43
r 0 128 208 128 0 9860
g 208 208 208 240 0
r 272 128 320 128 0 10
w 320 128 336 128 0
c 208 128 208 208 0 1.0000000000000001e-7 0.005810001800018026
w 400 144 400 208 0
w 400 112 448 112 0
R 0 128 0 192 0 1 1000 0.05 0 0 0.5
p 576 112 576 208 1 0 0
403 608 208 736 272 0 8_64_0_4098_10_0.1_0_1
w 448 112 480 112 0
t 336 128 400 128 0 1 0.003067639922305838 0.0058100017998895925 100
w 208 128 272 128 0
403 0 -16 128 48 0 0_64_0_4099_0.15625_0.00009765625_0_2_0_3
403 -208 80 -80 144 0 7_64_0_4099_0.15625_0.00009765625_0_2_7_3
403 256 -32 384 32 0 2_64_0_4099_0.0000762939453125_0.00009765625_0_2_2_3
403 64 256 192 320 0 4_64_0_4099_0.01953125_0.00009765625_0_2_4_3
v 480 112 528 112 0 1 40 5 0 0 0.5
w 528 112 576 112 0
w 400 208 208 208 0
w 400 208 496 208 0
w 496 208 576 208 0
o 0 64 0 4099 0.15625 0.00009765625 0 2 0 3
38 0 0 1 101 Resistance
