$ 1 0.000005 10.20027730826997 50 5 43
r 0 128 208 128 0 9860
g 208 208 208 240 0
r 272 128 320 128 0 10
w 320 128 336 128 0
c 208 128 208 208 0 1.0000000000000001e-7 -7.388723686932269
w 400 144 400 208 0
w 400 112 448 112 0
R 0 128 0 192 0 1 150 3.3 0 0 0.5
p 624 112 624 208 1 0 0
403 544 224 672 288 0 8_64_0_4098_5_0.1_0_1
t 336 128 400 128 0 1 0.5682647281594582 -7.392204036994286 100
w 208 128 272 128 0
403 16 48 144 112 0 0_64_0_4099_10_0.0015625_0_2_0_3
403 -160 112 -32 176 0 7_64_0_4099_5_0.00078125_0_2_7_3
403 240 48 368 112 0 2_64_0_4099_0.009765625_0.0015625_0_2_2_3
403 64 240 192 304 0 4_64_0_4099_10_0.000390625_0_2_4_3
T 624 112 752 208 0 4 18 0.0006960700125051407 2.371692252312041e-20 0.999
p 752 112 752 208 1 0 0
w 624 112 576 112 0
403 656 16 784 80 0 17_64_0_4098_80_0.1_0_1
w 448 112 528 112 0
v 528 112 576 112 0 0 40 5 0 0 0.5
w 576 208 624 208 0
w 528 208 480 208 0
w 480 208 416 208 0
w 416 208 400 208 0
w 528 208 576 208 0
w 400 208 208 208 0
o 0 64 0 4099 10 0.0015625 0 2 0 3
o 17 64 0 4098 80 0.1 1 1
o 2 64 0 4099 0.01953125 0.0015625 2 2 2 3
o 17 64 0 4098 80 0.1 3 1
38 0 0 1 101 Resistance
