$ 1 0.000005 10.20027730826997 40 5 43
r 176 80 384 80 0 9860
R 96 144 96 208 0 1 150 0.005 0 0 0.5
w 96 144 96 80 0
w 96 80 176 80 0
w 448 80 608 80 0
w 384 80 448 80 0
w 384 80 384 160 0
c 384 160 384 224 0 1.0000000000000001e-7 -0.00023961745952586275
g 384 224 384 256 0
w 608 192 608 224 0
w 608 224 384 224 0
p 608 80 608 192 1 0 0
403 192 112 320 176 0 0_64_0_4099_0.009765625_0.00009765625_0_2_0_3
403 448 96 576 160 0 11_64_0_4098_0.0048828125_0.1_0_1
o 0 64 0 4099 0.01953125 0.00009765625 0 2 0 3
o 11 64 0 4098 0.0048828125 0.1 1 1
38 0 0 1 101 Resistance